# Created by Octave 7.1.0, Wed Jan 22 22:45:18 2025 CET <antonybazir@antonybazir-Latitude-E7450>
# name: e
# type: matrix
# rows: 575
# columns: 2
 0.034246575342465752 -0.0053513401627762001
 0.037671232876712327 -0.015253396375561869
 0.041095890410958902 -0.023482188736984912
 0.044520547945205477 -0.032055620481494469
 0.047945205479452052 -0.040619428472030386
 0.051369863013698627 -0.046652482556018192
 0.054794520547945202 -0.050172400934840572
 0.058219178082191778 -0.051378489921248528
 0.061643835616438353 -0.050520829922489623
 0.065068493150684928 -0.047920900967606428
 0.068493150684931503 -0.046139888184305054
 0.071917808219178078 -0.047526573985186456
 0.075342465753424653 -0.049746456842095013
 0.078767123287671229 -0.050601948936327301
 0.082191780821917804 -0.050220371526346626
 0.085616438356164379 -0.048682103522378534
 0.089041095890410954 -0.046027096786818822
 0.092465753424657529 -0.042230239001773882
 0.095890410958904104 -0.03293191960901138
 0.099315068493150679 -0.01866605111446025
 0.10273972602739725 -0.00022813477923034204
 0.10616438356164383 0.023542091184598126
 0.1095890410958904 0.049089123240667505
 0.11301369863013698 0.072991838788895091
 0.11643835616438356 0.08996053411468212
 0.11986301369863013 0.09328701120995446
 0.12328767123287671 0.081764784688954081
 0.12671232876712329 0.059262441020721125
 0.13013698630136986 0.031990900500158917
 0.13356164383561644 0.005900177949056765
 0.13698630136986301 -0.020072195120536783
 0.1404109589041096 -0.046935016217016033
 0.14383561643835616 -0.041054948298282698
 0.14726027397260275 0.046468055281793451
 0.15068493150684931 0.25904214501053824
 0.1541095890410959 0.54463065948804357
 0.15753424657534246 0.74619503775197404
 0.16095890410958905 0.77028464166163468
 0.16438356164383561 0.63824426185461292
 0.1678082191780822 0.4374406692498698
 0.17123287671232876 0.22792729502489789
 0.17465753424657535 0.022379689699575767
 0.17808219178082191 -0.16770272721528975
 0.1815068493150685 -0.33246635783248796
 0.18493150684931506 -0.46399277938359273
 0.18835616438356165 -0.55869691419824763
 0.19178082191780821 -0.61933422869439325
 0.1952054794520548 -0.64573057491968677
 0.19863013698630136 -0.63933104281644859
 0.20205479452054795 -0.60300573314831951
 0.20547945205479451 -0.54080386607392195
 0.2089041095890411 -0.45767179268843489
 0.21232876712328766 -0.35915095399526598
 0.21575342465753425 -0.25107151916140807
 0.21917808219178081 -0.13494453768209094
 0.2226027397260274 -0.016852144443800732
 0.22602739726027396 0.093194686895190171
 0.22945205479452055 0.19495294650441455
 0.23287671232876711 0.28643488931337047
 0.2363013698630137 0.36199665694127153
 0.23972602739726026 0.4171625831378164
 0.24315068493150685 0.45523092296542456
 0.24657534246575341 0.48006346399188954
 0.25 0.48937334032429231
 0.25342465753424659 0.48393623887524939
 0.25684931506849318 0.46731483427259907
 0.26027397260273971 0.4432796012235577
 0.2636986301369863 0.41132312827950335
 0.26712328767123289 0.3734858251571288
 0.27054794520547948 0.32763193472436786
 0.27397260273972601 0.27007029309601654
 0.2773972602739726 0.19794710981737831
 0.28082191780821919 0.10711997731642785
 0.28424657534246578 -0.0031968391238113378
 0.28767123287671231 -0.12842477325168894
 0.2910958904109589 -0.25707945947958671
 0.29452054794520549 -0.37843199592383442
 0.29794520547945208 -0.48295312818777558
 0.30136986301369861 -0.56262798007414339
 0.3047945205479452 -0.61125217719143099
 0.30821917808219179 -0.62906654795753258
 0.31164383561643838 -0.62041376302816353
 0.31506849315068491 -0.58682350104907566
 0.3184931506849315 -0.53083704158732747
 0.32191780821917809 -0.45679079376497861
 0.32534246575342468 -0.3665458363436449
 0.32876712328767121 -0.26242362191348456
 0.3321917808219178 -0.15191200068229219
 0.33561643835616439 -0.042829666537072576
 0.33904109589041098 0.060107787747867299
 0.34246575342465752 0.14895286820005751
 0.3458904109589041 0.22181356987043155
 0.34931506849315069 0.28173770002096316
 0.35273972602739728 0.32659792295751089
 0.35616438356164382 0.3543310693000512
 0.3595890410958904 0.36391536078958331
 0.36301369863013699 0.35372004733806384
 0.36643835616438358 0.32572957744217329
 0.36986301369863012 0.28476394261338955
 0.37328767123287671 0.2315633570512024
 0.37671232876712329 0.16957847787075725
 0.38013698630136988 0.10459688369244206
 0.38356164383561642 0.039919504149599473
 0.38698630136986301 -0.021482549670333556
 0.3904109589041096 -0.077004573807207335
 0.39383561643835618 -0.12454031449734135
 0.39726027397260272 -0.1625225730896506
 0.40068493150684931 -0.18995460745808779
 0.4041095890410959 -0.20641232655274955
 0.40753424657534248 -0.21201945622106996
 0.41095890410958902 -0.20743745081598597
 0.41438356164383561 -0.19371547669032074
 0.4178082191780822 -0.17224942483773731
 0.42123287671232879 -0.14472786326077797
 0.42465753424657532 -0.11297223678201376
 0.42808219178082191 -0.07884106360222165
 0.4315068493150685 -0.044159124790976043
 0.43493150684931509 -0.010634516924432775
 0.43835616438356162 0.020289342285340406
 0.44178082191780821 0.047519237711866565
 0.4452054794520548 0.070278329506618747
 0.44863013698630139 0.092410499763956558
 0.45205479452054792 0.11323470307161825
 0.45547945205479451 0.13216517788893356
 0.4589041095890411 0.14863522996748008
 0.46232876712328769 0.15790669707074495
 0.46575342465753422 0.16020320400338436
 0.46917808219178081 0.16029290961492382
 0.4726027397260274 0.1583247084703141
 0.47602739726027399 0.14581239275002783
 0.47945205479452052 0.11750598434380546
 0.48287671232876711 0.077910764374312214
 0.4863013698630137 0.03174809562094235
 0.48972602739726029 -0.018419571552026032
 0.49315068493150682 -0.069984331452747919
 0.49657534246575341 -0.10105376230360863
 0.5 -0.057892252292861678
 0.50342465753424659 0.11202543479777438
 0.50684931506849318 0.38432419634827569
 0.51027397260273977 0.60455000158243288
 0.51369863013698636 0.6780477983120331
 0.51712328767123283 0.59989438370378045
 0.52054794520547942 0.4266003878561781
 0.52397260273972601 0.24061553060397434
 0.5273972602739726 0.053848092483236146
 0.53082191780821919 -0.12055029345700086
 0.53424657534246578 -0.27321043028628944
 0.53767123287671237 -0.40086474929814014
 0.54109589041095896 -0.4995177161525311
 0.54452054794520544 -0.56680751230748871
 0.54794520547945202 -0.60202770995497135
 0.55136986301369861 -0.60603111746874616
 0.5547945205479452 -0.58102950749576743
 0.55821917808219179 -0.52828556237929025
 0.56164383561643838 -0.45030296333988334
 0.56506849315068497 -0.35486616874902288
 0.56849315068493156 -0.24998952197578195
 0.57191780821917804 -0.13919230402916827
 0.57534246575342463 -0.0259773654343711
 0.57876712328767121 0.082000753600743159
 0.5821917808219178 0.1822620599312321
 0.58561643835616439 0.27072623078747299
 0.58904109589041098 0.34418490226189286
 0.59246575342465757 0.40038404158910756
 0.59589041095890416 0.43803587859536747
 0.59931506849315064 0.46113495764663998
 0.60273972602739723 0.469734502331705
 0.60616438356164382 0.46456360763883375
 0.6095890410958904 0.44694025984453878
 0.61301369863013699 0.42081946615274096
 0.61643835616438358 0.38808994231218047
 0.61986301369863017 0.34864690921045083
 0.62328767123287676 0.30267013571808127
 0.62671232876712324 0.24847584757598651
 0.63013698630136983 0.18062380237158526
 0.63356164383561642 0.094739189430941131
 0.63698630136986301 -0.0080535305691235657
 0.6404109589041096 -0.12592472710955954
 0.64383561643835618 -0.24785674084452289
 0.64726027397260277 -0.35703413248121496
 0.65068493150684936 -0.4470996850324187
 0.65410958904109584 -0.51305052656063643
 0.65753424657534243 -0.55144398822375884
 0.66095890410958902 -0.56474908479230479
 0.66438356164383561 -0.55210677409585662
 0.6678082191780822 -0.51390353970814262
 0.67123287671232879 -0.45394667088728063
 0.67465753424657537 -0.37730533695653068
 0.67808219178082196 -0.29211097661004803
